	add_vert(29.226992,18.707151,44.539494,-0.249707,0.335139,0.908476);
	add_vert(46.159988,16.625916,49.961536,-0.249707,0.335139,0.908476);
	add_vert(36.518944,26.357403,43.721592,-0.249707,0.335139,0.908476);
	add_vert(46.750908,-33.683292,10.309030,0.586634,-0.680235,-0.439478);
	add_vert(55.259842,-29.120697,14.605011,0.586634,-0.680235,-0.439478);
	add_vert(55.135765,-33.818977,21.711510,0.586634,-0.680235,-0.439478);
	add_vert(31.117165,26.499443,112.434212,-0.589704,0.022401,0.807309);
	add_vert(23.362013,20.396402,106.938759,-0.589704,0.022401,0.807309);
	add_vert(29.542870,11.765723,111.693085,-0.589704,0.022401,0.807309);
	add_vert(13.977301,-17.521719,65.433876,-0.119680,-0.779742,0.614556);
	add_vert(12.460421,-27.631361,52.311466,-0.119680,-0.779742,0.614556);
	add_vert(27.161108,-20.210508,64.589813,-0.119680,-0.779742,0.614556);
	add_vert(29.226992,18.707151,44.539494,0.009844,0.955100,-0.296119);
	add_vert(21.050880,14.744042,31.485106,0.009844,0.955100,-0.296119);
	add_vert(5.591862,20.200201,48.569427,0.009844,0.955100,-0.296119);
	add_vert(56.676582,18.933500,42.754032,0.342204,0.937465,-0.063684);
	add_vert(63.935928,15.736155,34.695133,0.342204,0.937465,-0.063684);
	add_vert(36.518944,26.357403,43.721592,0.342204,0.937465,-0.063684);
	add_vert(-19.512016,-24.397982,57.556541,-0.886086,-0.092887,-0.454118);
	add_vert(-22.721935,-26.361109,64.221367,-0.886086,-0.092887,-0.454118);
	add_vert(-22.557022,-7.863877,60.116085,-0.886086,-0.092887,-0.454118);
	add_vert(63.092522,13.910298,22.043007,0.788098,0.455361,-0.414182);
	add_vert(74.103683,-2.433340,25.026283,0.788098,0.455361,-0.414182);
	add_vert(65.392700,1.685113,12.979102,0.788098,0.455361,-0.414182);
	add_vert(8.380380,43.984310,107.663826,-0.173166,0.983629,-0.049879);
	add_vert(18.309347,45.197327,97.114212,-0.173166,0.983629,-0.049879);
	add_vert(6.276077,42.754452,90.716042,-0.173166,0.983629,-0.049879);
	add_vert(56.439388,12.568314,14.206014,0.285974,0.874179,-0.392467);
	add_vert(49.960499,21.494259,29.366737,0.285974,0.874179,-0.392467);
	add_vert(63.092522,13.910298,22.043007,0.285974,0.874179,-0.392467);
	add_vert(7.373121,-20.273106,19.886049,-0.980851,0.139868,-0.135533);
	add_vert(10.061195,-10.791482,10.217390,-0.980851,0.139868,-0.135533);
	add_vert(7.337845,-24.842545,15.425775,-0.980851,0.139868,-0.135533);
	add_vert(49.960499,21.494259,29.366737,0.176412,0.944634,-0.276667);
	add_vert(38.374302,19.974197,16.788998,0.176412,0.944634,-0.276667);
	add_vert(28.565018,26.427288,32.567257,0.176412,0.944634,-0.276667);
	add_vert(-1.814861,-7.484867,11.859421,-0.132961,-0.780737,0.610550);
	add_vert(-0.456871,-12.881787,5.253883,-0.132961,-0.780737,0.610550);
	add_vert(10.061195,-10.791482,10.217390,-0.132961,-0.780737,0.610550);
	add_vert(10.393107,6.124787,14.842429,-0.266421,0.504071,0.821543);
	add_vert(31.862989,17.091349,15.076270,-0.266421,0.504071,0.821543);
	add_vert(13.467396,17.502567,8.858381,-0.266421,0.504071,0.821543);
	add_vert(4.804572,10.327667,78.931030,0.455603,0.832830,0.314358);
	add_vert(9.657615,7.293525,79.935822,0.455603,0.832830,0.314358);
	add_vert(11.322732,10.695372,68.510033,0.455603,0.832830,0.314358);
	add_vert(82.996773,-9.758068,31.685160,0.974927,-0.152224,0.162309);
	add_vert(82.011826,-22.448847,25.699102,0.974927,-0.152224,0.162309);
	add_vert(84.232941,-10.809189,23.274181,0.974927,-0.152224,0.162309);
	add_vert(16.219772,41.004177,112.513641,0.183934,0.941797,0.281402);
	add_vert(18.309347,45.197327,97.114212,0.183934,0.941797,0.281402);
	add_vert(8.380380,43.984310,107.663826,0.183934,0.941797,0.281402);
	add_vert(4.804572,10.327667,78.931030,0.980362,0.183542,-0.072125);
	add_vert(3.330716,19.617216,82.537445,0.980362,0.183542,-0.072125);
	add_vert(4.804305,14.353054,89.171173,0.980362,0.183542,-0.072125);
	add_vert(-23.889854,-7.028679,67.722076,-0.902595,0.381199,-0.200024);
	add_vert(-17.016325,6.631052,62.737965,-0.902595,0.381199,-0.200024);
	add_vert(-22.557022,-7.863877,60.116085,-0.902595,0.381199,-0.200024);
	add_vert(10.397546,-3.888087,89.709541,0.195214,-0.873387,0.446192);
	add_vert(22.616880,2.458947,96.787277,0.195214,-0.873387,0.446192);
	add_vert(7.051953,-3.029980,92.852959,0.195214,-0.873387,0.446192);
	add_vert(19.874365,-37.050163,7.225319,-0.214687,-0.816960,0.535244);
	add_vert(31.452627,-34.743919,15.389469,-0.214687,-0.816960,0.535244);
	add_vert(17.847952,-29.947573,17.253424,-0.214687,-0.816960,0.535244);
	add_vert(28.902403,20.602587,94.550209,-0.026231,0.756054,-0.653983);
	add_vert(36.363209,19.849846,93.380737,-0.026231,0.756054,-0.653983);
	add_vert(9.657615,7.293525,79.935822,-0.026231,0.756054,-0.653983);
	add_vert(59.223038,11.886848,63.991158,0.348472,0.934478,0.072929);
	add_vert(68.242119,9.494752,51.547035,0.348472,0.934478,0.072929);
	add_vert(57.814293,13.204912,53.833424,0.348472,0.934478,0.072929);
	add_vert(77.160118,-20.248390,40.035561,0.701809,-0.701469,-0.124118);
	add_vert(64.277557,-29.077145,17.089655,0.701809,-0.701469,-0.124118);
	add_vert(75.235497,-20.461643,30.358242,0.701809,-0.701469,-0.124118);
	add_vert(38.195709,23.468212,110.779343,0.951110,0.266762,-0.155653);
	add_vert(36.363209,19.849846,93.380737,0.951110,0.266762,-0.155653);
	add_vert(35.363232,30.643520,105.768845,0.951110,0.266762,-0.155653);
	add_vert(75.235497,-20.461643,30.358242,0.431072,-0.412088,0.802721);
	add_vert(82.011826,-22.448847,25.699102,0.431072,-0.412088,0.802721);
	add_vert(82.996773,-9.758068,31.685160,0.431072,-0.412088,0.802721);
	add_vert(55.152161,-35.401314,50.349213,0.468529,-0.845368,0.256582);
	add_vert(71.847755,-25.795000,51.512608,0.468529,-0.845368,0.256582);
	add_vert(62.428028,-28.382292,60.188969,0.468529,-0.845368,0.256582);
	add_vert(76.141289,-2.216267,55.115955,0.998573,0.013122,0.051773);
	add_vert(77.160118,-20.248390,40.035561,0.998573,0.013122,0.051773);
	add_vert(77.443840,-9.292519,31.786386,0.998573,0.013122,0.051773);
	add_vert(-20.511681,-9.214548,46.441719,-0.877392,-0.472229,0.084753);
	add_vert(-15.619654,-19.234953,41.253635,-0.877392,-0.472229,0.084753);
	add_vert(-15.295059,-17.339926,55.172718,-0.877392,-0.472229,0.084753);
	add_vert(48.751999,-10.750254,75.248901,0.303974,0.179527,0.935612);
	add_vert(63.769543,-6.074312,69.472572,0.303974,0.179527,0.935612);
	add_vert(50.795670,1.508498,72.232697,0.303974,0.179527,0.935612);
	add_vert(-16.081835,1.182789,36.272312,-0.877422,-0.129336,-0.461956);
	add_vert(-7.135612,-15.087037,23.835348,-0.877422,-0.129336,-0.461956);
	add_vert(-10.108046,-20.983580,31.131956,-0.877422,-0.129336,-0.461956);
	add_vert(59.223038,11.886848,63.991158,0.701609,0.593441,0.394427);
	add_vert(76.141289,-2.216267,55.115955,0.701609,0.593441,0.394427);
	add_vert(68.242119,9.494752,51.547035,0.701609,0.593441,0.394427);
	add_vert(13.184771,0.510763,81.565674,0.868830,0.480498,0.119399);
	add_vert(16.881767,-3.674679,71.507210,0.868830,0.480498,0.119399);
	add_vert(9.657615,7.293525,79.935822,0.868830,0.480498,0.119399);
	add_vert(-7.096308,11.379349,82.828041,-0.886002,0.424515,-0.186516);
	add_vert(6.276077,42.754452,90.716042,-0.886002,0.424515,-0.186516);
	add_vert(4.598203,36.358456,84.128960,-0.886002,0.424515,-0.186516);
	add_vert(-17.362780,-2.177474,54.555843,-0.465577,0.612075,-0.639220);
	add_vert(-17.016325,6.631052,62.737965,-0.465577,0.612075,-0.639220);
	add_vert(-5.462559,11.136494,58.636871,-0.465577,0.612075,-0.639220);
	add_vert(5.591862,20.200201,48.569427,-0.433103,0.852695,0.292118);
	add_vert(-8.192490,14.455393,44.901501,-0.433103,0.852695,0.292118);
	add_vert(-5.462559,11.136494,58.636871,-0.433103,0.852695,0.292118);
	add_vert(3.330716,19.617216,82.537445,0.230175,0.383710,-0.894308);
	add_vert(4.804572,10.327667,78.931030,0.230175,0.383710,-0.894308);
	add_vert(-2.564851,12.458483,77.948547,0.230175,0.383710,-0.894308);
	add_vert(1.880368,37.066368,110.211441,-0.277618,0.550728,0.787164);
	add_vert(16.219772,41.004177,112.513641,-0.277618,0.550728,0.787164);
	add_vert(8.380380,43.984310,107.663826,-0.277618,0.550728,0.787164);
	add_vert(-2.582051,3.291964,90.299576,-0.505977,-0.482207,0.715167);
	add_vert(7.051953,-3.029980,92.852959,-0.505977,-0.482207,0.715167);
	add_vert(9.679700,4.997551,100.124702,-0.505977,-0.482207,0.715167);
	add_vert(-4.205371,-8.040327,93.740364,-0.057314,0.297561,0.952981);
	add_vert(7.051953,-3.029980,92.852959,-0.057314,0.297561,0.952981);
	add_vert(-2.582051,3.291964,90.299576,-0.057314,0.297561,0.952981);
	add_vert(4.804305,14.353054,89.171173,-0.151618,0.199998,0.967994);
	add_vert(-2.582051,3.291964,90.299576,-0.151618,0.199998,0.967994);
	add_vert(6.386195,8.425776,90.643585,-0.151618,0.199998,0.967994);
	add_vert(-21.593699,-5.908784,86.379417,-0.398437,-0.102907,0.911404);
	add_vert(-14.117411,-16.906992,88.405998,-0.398437,-0.102907,0.911404);
	add_vert(-4.205371,-8.040327,93.740364,-0.398437,-0.102907,0.911404);
	add_vert(-23.889854,-7.028679,67.722076,-0.919021,0.011529,0.394039);
	add_vert(-20.018257,-24.491413,77.262794,-0.919021,0.011529,0.394039);
	add_vert(-19.341692,-1.290740,78.161926,-0.919021,0.011529,0.394039);
	add_vert(76.141289,-2.216267,55.115955,0.979703,0.200362,-0.006074);
	add_vert(77.443840,-9.292519,31.786386,0.979703,0.200362,-0.006074);
	add_vert(74.177460,6.971712,41.442955,0.979703,0.200362,-0.006074);
	add_vert(3.630415,-19.401827,88.538704,-0.076045,-0.494929,0.865600);
	add_vert(-14.117411,-16.906992,88.405998,-0.076045,-0.494929,0.865600);
	add_vert(-6.772095,-27.367222,83.070396,-0.076045,-0.494929,0.865600);
	add_vert(63.092522,13.910298,22.043007,0.587664,0.550321,-0.593126);
	add_vert(65.392700,1.685113,12.979102,0.587664,0.550321,-0.593126);
	add_vert(56.439388,12.568314,14.206014,0.587664,0.550321,-0.593126);
	add_vert(-16.081835,1.182789,36.272312,-0.612968,0.653282,-0.444403);
	add_vert(-8.192490,14.455393,44.901501,-0.612968,0.653282,-0.444403);
	add_vert(-7.553542,1.506406,24.984909,-0.612968,0.653282,-0.444403);
	add_vert(11.322732,10.695372,68.510033,-0.257314,0.841494,0.475055);
	add_vert(5.591862,20.200201,48.569427,-0.257314,0.841494,0.475055);
	add_vert(-5.462559,11.136494,58.636871,-0.257314,0.841494,0.475055);
	add_vert(16.296309,-30.711380,28.901667,-0.690508,-0.709935,-0.138534);
	add_vert(7.373121,-20.273106,19.886049,-0.690508,-0.709935,-0.138534);
	add_vert(17.847952,-29.947573,17.253424,-0.690508,-0.709935,-0.138534);
	add_vert(8.905133,5.376803,5.274907,-0.940316,0.317917,0.121387);
	add_vert(10.393107,6.124787,14.842429,-0.940316,0.317917,0.121387);
	add_vert(13.467396,17.502567,8.858381,-0.940316,0.317917,0.121387);
	add_vert(54.831985,12.990793,5.351871,0.000919,-0.001832,-0.999998);
	add_vert(54.923351,-0.264993,5.376235,0.000919,-0.001832,-0.999998);
	add_vert(22.395800,18.550373,5.311866,0.000919,-0.001832,-0.999998);
	add_vert(-17.362780,-2.177474,54.555843,-0.916661,0.399559,0.009212);
	add_vert(-16.081835,1.182789,36.272312,-0.916661,0.399559,0.009212);
	add_vert(-20.511681,-9.214548,46.441719,-0.916661,0.399559,0.009212);
	add_vert(50.795670,1.508498,72.232697,0.389583,0.357629,0.848720);
	add_vert(63.769543,-6.074312,69.472572,0.389583,0.357629,0.848720);
	add_vert(59.223038,11.886848,63.991158,0.389583,0.357629,0.848720);
	add_vert(-6.772095,-27.367222,83.070396,-0.422571,-0.629389,0.652153);
	add_vert(-14.117411,-16.906992,88.405998,-0.422571,-0.629389,0.652153);
	add_vert(-20.018257,-24.491413,77.262794,-0.422571,-0.629389,0.652153);
	add_vert(47.880558,-23.292019,72.037971,-0.358141,-0.208137,0.910173);
	add_vert(48.751999,-10.750254,75.248901,-0.358141,-0.208137,0.910173);
	add_vert(27.161108,-20.210508,64.589813,-0.358141,-0.208137,0.910173);
	add_vert(6.386195,8.425776,90.643585,0.967528,0.235251,-0.092451);
	add_vert(4.804572,10.327667,78.931030,0.967528,0.235251,-0.092451);
	add_vert(4.804305,14.353054,89.171173,0.967528,0.235251,-0.092451);
	add_vert(42.551220,-31.091362,64.351578,0.230997,-0.758444,0.609428);
	add_vert(62.428028,-28.382292,60.188969,0.230997,-0.758444,0.609428);
	add_vert(47.880558,-23.292019,72.037971,0.230997,-0.758444,0.609428);
	add_vert(22.395800,18.550373,5.311866,0.000772,-0.002087,-0.999998);
	add_vert(54.923351,-0.264993,5.376235,0.000772,-0.002087,-0.999998);
	add_vert(-6.452787,-22.764629,5.375844,0.000772,-0.002087,-0.999998);
	add_vert(8.380380,43.984310,107.663826,-0.672426,0.709476,0.210920);
	add_vert(-4.462166,33.056183,103.480209,-0.672426,0.709476,0.210920);
	add_vert(1.880368,37.066368,110.211441,-0.672426,0.709476,0.210920);
	add_vert(32.650837,16.574064,59.561928,0.082632,0.989132,0.121617);
	add_vert(46.159988,16.625916,49.961536,0.082632,0.989132,0.121617);
	add_vert(29.226992,18.707151,44.539494,0.082632,0.989132,0.121617);
	add_vert(21.050880,14.744042,31.485106,-0.477392,0.857480,-0.191899);
	add_vert(31.862989,17.091349,15.076270,-0.477392,0.857480,-0.191899);
	add_vert(6.239258,4.278805,21.569592,-0.477392,0.857480,-0.191899);
	add_vert(-4.711780,-24.598978,55.313019,-0.642782,-0.734203,0.218580);
	add_vert(-15.619654,-19.234953,41.253635,-0.642782,-0.734203,0.218580);
	add_vert(-1.693329,-30.414913,44.653904,-0.642782,-0.734203,0.218580);
	add_vert(6.386195,8.425776,90.643585,-0.433099,0.872909,-0.224622);
	add_vert(28.902403,20.602587,94.550209,-0.433099,0.872909,-0.224622);
	add_vert(9.657615,7.293525,79.935822,-0.433099,0.872909,-0.224622);
	add_vert(74.377953,-16.983009,5.280865,0.704914,-0.573678,-0.417120);
	add_vert(82.011826,-22.448847,25.699102,0.704914,-0.573678,-0.417120);
	add_vert(67.265984,-25.761890,5.335831,0.704914,-0.573678,-0.417120);
	add_vert(76.141289,-2.216267,55.115955,0.653451,0.367388,0.661837);
	add_vert(59.223038,11.886848,63.991158,0.653451,0.367388,0.661837);
	add_vert(63.769543,-6.074312,69.472572,0.653451,0.367388,0.661837);
	add_vert(57.814293,13.204912,53.833424,0.383511,0.835844,0.392791);
	add_vert(68.242119,9.494752,51.547035,0.383511,0.835844,0.392791);
	add_vert(56.676582,18.933500,42.754032,0.383511,0.835844,0.392791);
	add_vert(-5.434093,1.448322,7.630634,-0.187196,0.097109,-0.977511);
	add_vert(8.905133,5.376803,5.274907,-0.187196,0.097109,-0.977511);
	add_vert(-0.456871,-12.881787,5.253883,-0.187196,0.097109,-0.977511);
	add_vert(22.395800,18.550373,5.311866,-0.041105,0.981590,0.186525);
	add_vert(13.467396,17.502567,8.858381,-0.041105,0.981590,0.186525);
	add_vert(31.862989,17.091349,15.076270,-0.041105,0.981590,0.186525);
	add_vert(54.831985,12.990793,5.351871,0.983951,0.006454,-0.178321);
	add_vert(56.439388,12.568314,14.206014,0.983951,0.006454,-0.178321);
	add_vert(54.923351,-0.264993,5.376235,0.983951,0.006454,-0.178321);
	add_vert(42.551220,-31.091362,64.351578,-0.356311,-0.520957,0.775659);
	add_vert(47.880558,-23.292019,72.037971,-0.356311,-0.520957,0.775659);
	add_vert(27.161108,-20.210508,64.589813,-0.356311,-0.520957,0.775659);
	add_vert(76.141289,-2.216267,55.115955,0.759269,-0.013628,0.650634);
	add_vert(63.769543,-6.074312,69.472572,0.759269,-0.013628,0.650634);
	add_vert(67.756691,-19.785345,64.532501,0.759269,-0.013628,0.650634);
	add_vert(42.713348,-41.427631,30.459379,0.366202,-0.926269,-0.088999);
	add_vert(62.885677,-34.117687,37.382732,0.366202,-0.926269,-0.088999);
	add_vert(49.207832,-39.966232,41.972366,0.366202,-0.926269,-0.088999);
	add_vert(27.724054,-39.776821,41.868996,-0.075965,-0.993463,0.085205);
	add_vert(31.180925,-41.306591,27.114344,-0.075965,-0.993463,0.085205);
	add_vert(39.498386,-40.304123,46.218288,-0.075965,-0.993463,0.085205);
	add_vert(36.518944,26.357403,43.721592,-0.622716,0.641454,0.448065);
	add_vert(28.565018,26.427288,32.567257,-0.622716,0.641454,0.448065);
	add_vert(29.226992,18.707151,44.539494,-0.622716,0.641454,0.448065);
	add_vert(-17.362780,-2.177474,54.555843,-0.867759,0.496056,0.030373);
	add_vert(-8.192490,14.455393,44.901501,-0.867759,0.496056,0.030373);
	add_vert(-16.081835,1.182789,36.272312,-0.867759,0.496056,0.030373);
	add_vert(31.862989,17.091349,15.076270,-0.240988,0.836591,-0.491975);
	add_vert(28.565018,26.427288,32.567257,-0.240988,0.836591,-0.491975);
	add_vert(38.374302,19.974197,16.788998,-0.240988,0.836591,-0.491975);
	add_vert(29.236950,1.372280,68.702370,-0.157620,0.260631,0.952485);
	add_vert(48.751999,-10.750254,75.248901,-0.157620,0.260631,0.952485);
	add_vert(50.795670,1.508498,72.232697,-0.157620,0.260631,0.952485);
	add_vert(-20.511681,-9.214548,46.441719,-0.893436,-0.104061,0.436970);
	add_vert(-15.295059,-17.339926,55.172718,-0.893436,-0.104061,0.436970);
	add_vert(-17.362780,-2.177474,54.555843,-0.893436,-0.104061,0.436970);
	add_vert(28.565018,26.427288,32.567257,-0.746178,0.518577,-0.417488);
	add_vert(31.862989,17.091349,15.076270,-0.746178,0.518577,-0.417488);
	add_vert(21.050880,14.744042,31.485106,-0.746178,0.518577,-0.417488);
	add_vert(31.117165,26.499443,112.434212,0.421307,0.625129,0.657050);
	add_vert(38.195709,23.468212,110.779343,0.421307,0.625129,0.657050);
	add_vert(35.363232,30.643520,105.768845,0.421307,0.625129,0.657050);
	add_vert(13.467396,17.502567,8.858381,-0.379066,0.390544,-0.838919);
	add_vert(22.395800,18.550373,5.311866,-0.379066,0.390544,-0.838919);
	add_vert(8.905133,5.376803,5.274907,-0.379066,0.390544,-0.838919);
	add_vert(-9.316551,8.589153,87.904594,-0.762522,0.630431,0.145319);
	add_vert(-19.341692,-1.290740,78.161926,-0.762522,0.630431,0.145319);
	add_vert(-21.593699,-5.908784,86.379417,-0.762522,0.630431,0.145319);
	add_vert(1.371671,-29.638382,8.035669,-0.580964,-0.383519,0.717909);
	add_vert(7.337845,-24.842545,15.425775,-0.580964,-0.383519,0.717909);
	add_vert(-6.452787,-22.764629,5.375844,-0.580964,-0.383519,0.717909);
	add_vert(-4.245932,23.641005,94.469864,-0.904422,0.384929,-0.183985);
	add_vert(-7.096308,11.379349,82.828041,-0.904422,0.384929,-0.183985);
	add_vert(-9.316551,8.589153,87.904594,-0.904422,0.384929,-0.183985);
	add_vert(-22.721935,-26.361109,64.221367,-0.979307,0.052132,0.195551);
	add_vert(-20.018257,-24.491413,77.262794,-0.979307,0.052132,0.195551);
	add_vert(-22.557022,-7.863877,60.116085,-0.979307,0.052132,0.195551);
	add_vert(-4.711780,-24.598978,55.313019,-0.032463,-0.789937,0.612328);
	add_vert(12.460421,-27.631361,52.311466,-0.032463,-0.789937,0.612328);
	add_vert(13.977301,-17.521719,65.433876,-0.032463,-0.789937,0.612328);
	add_vert(7.051953,-3.029980,92.852959,-0.233380,-0.609748,0.757457);
	add_vert(29.542870,11.765723,111.693085,-0.233380,-0.609748,0.757457);
	add_vert(9.679700,4.997551,100.124702,-0.233380,-0.609748,0.757457);
	add_vert(-20.018257,-24.491413,77.262794,-0.407118,-0.706727,0.578612);
	add_vert(-14.483150,-32.904858,70.881027,-0.407118,-0.706727,0.578612);
	add_vert(-6.772095,-27.367222,83.070396,-0.407118,-0.706727,0.578612);
	add_vert(56.676582,18.933500,42.754032,0.290235,0.703507,0.648724);
	add_vert(36.518944,26.357403,43.721592,0.290235,0.703507,0.648724);
	add_vert(46.159988,16.625916,49.961536,0.290235,0.703507,0.648724);
	add_vert(-2.564851,12.458483,77.948547,0.249340,0.949701,0.189468);
	add_vert(4.804572,10.327667,78.931030,0.249340,0.949701,0.189468);
	add_vert(11.322732,10.695372,68.510033,0.249340,0.949701,0.189468);
	add_vert(-0.456871,-12.881787,5.253883,-0.936807,-0.339431,0.084733);
	add_vert(-1.814861,-7.484867,11.859421,-0.936807,-0.339431,0.084733);
	add_vert(-5.434093,1.448322,7.630634,-0.936807,-0.339431,0.084733);
	add_vert(4.804305,14.353054,89.171173,0.786147,-0.387089,-0.481804);
	add_vert(3.330716,19.617216,82.537445,0.786147,-0.387089,-0.481804);
	add_vert(19.485271,38.630070,93.621155,0.786147,-0.387089,-0.481804);
	add_vert(11.322732,10.695372,68.510033,-0.219698,0.854614,0.470498);
	add_vert(17.373781,15.595675,62.434635,-0.219698,0.854614,0.470498);
	add_vert(5.591862,20.200201,48.569427,-0.219698,0.854614,0.470498);
	add_vert(-6.452787,-22.764629,5.375844,-0.454852,0.286365,0.843270);
	add_vert(10.061195,-10.791482,10.217390,-0.454852,0.286365,0.843270);
	add_vert(-0.456871,-12.881787,5.253883,-0.454852,0.286365,0.843270);
	add_vert(43.605114,11.608113,63.727177,-0.135192,0.580170,0.803197);
	add_vert(29.236950,1.372280,68.702370,-0.135192,0.580170,0.803197);
	add_vert(50.795670,1.508498,72.232697,-0.135192,0.580170,0.803197);
	add_vert(19.485271,38.630070,93.621155,0.849227,-0.469128,-0.242348);
	add_vert(21.240665,36.328995,104.226685,0.849227,-0.469128,-0.242348);
	add_vert(4.804305,14.353054,89.171173,0.849227,-0.469128,-0.242348);
	add_vert(5.315333,-16.999882,80.260056,0.685933,-0.689787,0.231708);
	add_vert(-5.818198,-33.934971,62.803837,0.685933,-0.689787,0.231708);
	add_vert(1.500826,-25.917610,65.004501,0.685933,-0.689787,0.231708);
	add_vert(13.184771,0.510763,81.565674,0.812319,-0.368614,0.451953);
	add_vert(13.977301,-17.521719,65.433876,0.812319,-0.368614,0.451953);
	add_vert(16.881767,-3.674679,71.507210,0.812319,-0.368614,0.451953);
	add_vert(-9.316551,8.589153,87.904594,-0.728272,0.682927,0.056841);
	add_vert(-7.096308,11.379349,82.828041,-0.728272,0.682927,0.056841);
	add_vert(-19.341692,-1.290740,78.161926,-0.728272,0.682927,0.056841);
	add_vert(5.315333,-16.999882,80.260056,0.695938,-0.577421,0.426914);
	add_vert(13.977301,-17.521719,65.433876,0.695938,-0.577421,0.426914);
	add_vert(10.397546,-3.888087,89.709541,0.695938,-0.577421,0.426914);
	add_vert(31.180925,-41.306591,27.114344,0.089285,-0.935568,-0.341674);
	add_vert(46.750908,-33.683292,10.309030,0.089285,-0.935568,-0.341674);
	add_vert(42.713348,-41.427631,30.459379,0.089285,-0.935568,-0.341674);
	add_vert(-17.016325,6.631052,62.737965,-0.837249,0.389468,-0.383833);
	add_vert(-17.362780,-2.177474,54.555843,-0.837249,0.389468,-0.383833);
	add_vert(-22.557022,-7.863877,60.116085,-0.837249,0.389468,-0.383833);
	add_vert(76.141289,-2.216267,55.115955,0.749381,0.594383,0.291781);
	add_vert(74.177460,6.971712,41.442955,0.749381,0.594383,0.291781);
	add_vert(68.242119,9.494752,51.547035,0.749381,0.594383,0.291781);
	add_vert(67.265984,-25.761890,5.335831,-0.000621,-0.001934,-0.999998);
	add_vert(-6.452787,-22.764629,5.375844,-0.000621,-0.001934,-0.999998);
	add_vert(70.471558,-5.591371,5.294834,-0.000621,-0.001934,-0.999998);
	add_vert(54.923351,-0.264993,5.376235,0.264748,0.781458,-0.565006);
	add_vert(65.392700,1.685113,12.979102,0.264748,0.781458,-0.565006);
	add_vert(70.471558,-5.591371,5.294834,0.264748,0.781458,-0.565006);
	add_vert(71.847755,-25.795000,51.512608,0.698794,-0.714982,-0.022086);
	add_vert(62.885677,-34.117687,37.382732,0.698794,-0.714982,-0.022086);
	add_vert(77.160118,-20.248390,40.035561,0.698794,-0.714982,-0.022086);
	add_vert(12.460421,-27.631361,52.311466,-0.075547,-0.884162,0.461032);
	add_vert(-4.711780,-24.598978,55.313019,-0.075547,-0.884162,0.461032);
	add_vert(-1.693329,-30.414913,44.653904,-0.075547,-0.884162,0.461032);
	add_vert(5.591862,20.200201,48.569427,0.083196,0.989101,0.121484);
	add_vert(32.650837,16.574064,59.561928,0.083196,0.989101,0.121484);
	add_vert(29.226992,18.707151,44.539494,0.083196,0.989101,0.121484);
	add_vert(27.161108,-20.210508,64.589813,-0.470511,-0.677869,0.564901);
	add_vert(23.549337,-31.615866,47.895332,-0.470511,-0.677869,0.564901);
	add_vert(42.551220,-31.091362,64.351578,-0.470511,-0.677869,0.564901);
	add_vert(-1.425834,-28.697832,35.927811,-0.312427,-0.759679,-0.570331);
	add_vert(7.373121,-20.273106,19.886049,-0.312427,-0.759679,-0.570331);
	add_vert(16.296309,-30.711380,28.901667,-0.312427,-0.759679,-0.570331);
	add_vert(23.362013,20.396402,106.938759,-0.442811,0.877652,-0.183426);
	add_vert(28.902403,20.602587,94.550209,-0.442811,0.877652,-0.183426);
	add_vert(6.386195,8.425776,90.643585,-0.442811,0.877652,-0.183426);
	add_vert(41.233246,26.831974,32.638805,-0.032079,0.999061,0.029135);
	add_vert(28.565018,26.427288,32.567257,-0.032079,0.999061,0.029135);
	add_vert(36.518944,26.357403,43.721592,-0.032079,0.999061,0.029135);
	add_vert(18.309347,45.197327,97.114212,0.240930,0.664914,-0.706995);
	add_vert(4.598203,36.358456,84.128960,0.240930,0.664914,-0.706995);
	add_vert(6.276077,42.754452,90.716042,0.240930,0.664914,-0.706995);
	add_vert(16.219772,41.004177,112.513641,0.845348,0.475187,0.244097);
	add_vert(21.240665,36.328995,104.226685,0.845348,0.475187,0.244097);
	add_vert(18.309347,45.197327,97.114212,0.845348,0.475187,0.244097);
	add_vert(-9.316551,8.589153,87.904594,-0.252826,0.113013,0.960889);
	add_vert(-21.593699,-5.908784,86.379417,-0.252826,0.113013,0.960889);
	add_vert(-2.582051,3.291964,90.299576,-0.252826,0.113013,0.960889);
	add_vert(82.996773,-9.758068,31.685160,0.342306,0.824772,0.450087);
	add_vert(79.977448,-3.087993,21.758730,0.342306,0.824772,0.450087);
	add_vert(74.103683,-2.433340,25.026283,0.342306,0.824772,0.450087);
	add_vert(9.679700,4.997551,100.124702,-0.759511,0.481118,0.437800);
	add_vert(23.362013,20.396402,106.938759,-0.759511,0.481118,0.437800);
	add_vert(6.386195,8.425776,90.643585,-0.759511,0.481118,0.437800);
	add_vert(55.152161,-35.401314,50.349213,0.132049,-0.850534,0.509072);
	add_vert(62.428028,-28.382292,60.188969,0.132049,-0.850534,0.509072);
	add_vert(39.498386,-40.304123,46.218288,0.132049,-0.850534,0.509072);
	add_vert(-20.018257,-24.491413,77.262794,-0.715925,-0.654785,0.242296);
	add_vert(-22.721935,-26.361109,64.221367,-0.715925,-0.654785,0.242296);
	add_vert(-14.483150,-32.904858,70.881027,-0.715925,-0.654785,0.242296);
	add_vert(55.135765,-33.818977,21.711510,0.369542,-0.907425,-0.200046);
	add_vert(64.277557,-29.077145,17.089655,0.369542,-0.907425,-0.200046);
	add_vert(62.885677,-34.117687,37.382732,0.369542,-0.907425,-0.200046);
	add_vert(5.315333,-16.999882,80.260056,0.518972,-0.788128,0.330941);
	add_vert(1.500826,-25.917610,65.004501,0.518972,-0.788128,0.330941);
	add_vert(13.977301,-17.521719,65.433876,0.518972,-0.788128,0.330941);
	add_vert(62.428028,-28.382292,60.188969,0.207649,-0.885777,0.415067);
	add_vert(42.551220,-31.091362,64.351578,0.207649,-0.885777,0.415067);
	add_vert(39.498386,-40.304123,46.218288,0.207649,-0.885777,0.415067);
	add_vert(36.363209,19.849846,93.380737,-0.047607,0.673776,-0.737400);
	add_vert(28.902403,20.602587,94.550209,-0.047607,0.673776,-0.737400);
	add_vert(30.041061,30.601151,103.612564,-0.047607,0.673776,-0.737400);
	add_vert(32.650837,16.574064,59.561928,-0.082643,0.527102,0.845774);
	add_vert(29.236950,1.372280,68.702370,-0.082643,0.527102,0.845774);
	add_vert(43.605114,11.608113,63.727177,-0.082643,0.527102,0.845774);
	add_vert(42.551220,-31.091362,64.351578,-0.477274,-0.666797,0.572357);
	add_vert(23.549337,-31.615866,47.895332,-0.477274,-0.666797,0.572357);
	add_vert(27.724054,-39.776821,41.868996,-0.477274,-0.666797,0.572357);
	add_vert(-0.456871,-12.881787,5.253883,0.116656,-0.082989,-0.989699);
	add_vert(22.395800,18.550373,5.311866,0.116656,-0.082989,-0.989699);
	add_vert(-6.452787,-22.764629,5.375844,0.116656,-0.082989,-0.989699);
	add_vert(-7.096308,11.379349,82.828041,-0.740616,0.636515,0.215258);
	add_vert(-17.016325,6.631052,62.737965,-0.740616,0.636515,0.215258);
	add_vert(-19.341692,-1.290740,78.161926,-0.740616,0.636515,0.215258);
	add_vert(-1.425834,-28.697832,35.927811,-0.599426,-0.781690,-0.172192);
	add_vert(-1.693329,-30.414913,44.653904,-0.599426,-0.781690,-0.172192);
	add_vert(-10.108046,-20.983580,31.131956,-0.599426,-0.781690,-0.172192);
	add_vert(10.397546,-3.888087,89.709541,0.956886,-0.169173,0.236115);
	add_vert(13.977301,-17.521719,65.433876,0.956886,-0.169173,0.236115);
	add_vert(13.184771,0.510763,81.565674,0.956886,-0.169173,0.236115);
	add_vert(75.235497,-20.461643,30.358242,0.007326,-0.128254,0.991714);
	add_vert(82.996773,-9.758068,31.685160,0.007326,-0.128254,0.991714);
	add_vert(77.443840,-9.292519,31.786386,0.007326,-0.128254,0.991714);
	add_vert(82.996773,-9.758068,31.685160,0.868323,0.491562,0.066188);
	add_vert(84.232941,-10.809189,23.274181,0.868323,0.491562,0.066188);
	add_vert(79.977448,-3.087993,21.758730,0.868323,0.491562,0.066188);
	add_vert(23.549337,-31.615866,47.895332,-0.765411,-0.586744,0.264343);
	add_vert(16.296309,-30.711380,28.901667,-0.765411,-0.586744,0.264343);
	add_vert(27.724054,-39.776821,41.868996,-0.765411,-0.586744,0.264343);
	add_vert(29.236950,1.372280,68.702370,0.231550,0.462576,0.855808);
	add_vert(32.650837,16.574064,59.561928,0.231550,0.462576,0.855808);
	add_vert(11.322732,10.695372,68.510033,0.231550,0.462576,0.855808);
	add_vert(46.470150,-32.180119,5.312054,-0.000347,0.004827,-0.999988);
	add_vert(-6.452787,-22.764629,5.375844,-0.000347,0.004827,-0.999988);
	add_vert(67.265984,-25.761890,5.335831,-0.000347,0.004827,-0.999988);
	add_vert(2.113453,16.716484,32.444763,0.031267,0.663773,-0.747280);
	add_vert(21.050880,14.744042,31.485106,0.031267,0.663773,-0.747280);
	add_vert(6.239258,4.278805,21.569592,0.031267,0.663773,-0.747280);
	add_vert(16.296309,-30.711380,28.901667,-0.311118,-0.947511,0.073684);
	add_vert(23.549337,-31.615866,47.895332,-0.311118,-0.947511,0.073684);
	add_vert(12.460421,-27.631361,52.311466,-0.311118,-0.947511,0.073684);
	add_vert(8.905133,5.376803,5.274907,-0.269181,0.962511,-0.033385);
	add_vert(-5.434093,1.448322,7.630634,-0.269181,0.962511,-0.033385);
	add_vert(10.393107,6.124787,14.842429,-0.269181,0.962511,-0.033385);
	add_vert(67.265984,-25.761890,5.335831,-0.116670,-0.963429,0.241232);
	add_vert(82.011826,-22.448847,25.699102,-0.116670,-0.963429,0.241232);
	add_vert(75.235497,-20.461643,30.358242,-0.116670,-0.963429,0.241232);
	add_vert(41.233246,26.831974,32.638805,-0.011398,0.508982,-0.860702);
	add_vert(49.960499,21.494259,29.366737,-0.011398,0.508982,-0.860702);
	add_vert(28.565018,26.427288,32.567257,-0.011398,0.508982,-0.860702);
	add_vert(23.362013,20.396402,106.938759,-0.524167,0.091053,0.846734);
	add_vert(9.679700,4.997551,100.124702,-0.524167,0.091053,0.846734);
	add_vert(29.542870,11.765723,111.693085,-0.524167,0.091053,0.846734);
	add_vert(38.195709,23.468212,110.779343,0.198411,-0.070374,0.977589);
	add_vert(31.117165,26.499443,112.434212,0.198411,-0.070374,0.977589);
	add_vert(29.542870,11.765723,111.693085,0.198411,-0.070374,0.977589);
	add_vert(-2.564851,12.458483,77.948547,-0.259199,0.965441,-0.027197);
	add_vert(-5.462559,11.136494,58.636871,-0.259199,0.965441,-0.027197);
	add_vert(-7.096308,11.379349,82.828041,-0.259199,0.965441,-0.027197);
	add_vert(-19.512016,-24.397982,57.556541,-0.435379,-0.824285,-0.361937);
	add_vert(-5.818198,-33.934971,62.803837,-0.435379,-0.824285,-0.361937);
	add_vert(-14.483150,-32.904858,70.881027,-0.435379,-0.824285,-0.361937);
	add_vert(31.117165,26.499443,112.434212,-0.182357,0.882879,0.432748);
	add_vert(35.363232,30.643520,105.768845,-0.182357,0.882879,0.432748);
	add_vert(30.041061,30.601151,103.612564,-0.182357,0.882879,0.432748);
	add_vert(31.180925,-41.306591,27.114344,-0.583291,-0.810557,-0.052621);
	add_vert(27.724054,-39.776821,41.868996,-0.583291,-0.810557,-0.052621);
	add_vert(16.296309,-30.711380,28.901667,-0.583291,-0.810557,-0.052621);
	add_vert(5.315333,-16.999882,80.260056,0.662814,-0.702605,0.258889);
	add_vert(-6.772095,-27.367222,83.070396,0.662814,-0.702605,0.258889);
	add_vert(-5.818198,-33.934971,62.803837,0.662814,-0.702605,0.258889);
	add_vert(9.679700,4.997551,100.124702,-0.459042,0.772497,0.438782);
	add_vert(6.386195,8.425776,90.643585,-0.459042,0.772497,0.438782);
	add_vert(-2.582051,3.291964,90.299576,-0.459042,0.772497,0.438782);
	add_vert(74.177460,6.971712,41.442955,0.941581,0.290386,-0.170592);
	add_vert(77.443840,-9.292519,31.786386,0.941581,0.290386,-0.170592);
	add_vert(74.103683,-2.433340,25.026283,0.941581,0.290386,-0.170592);
	add_vert(22.616880,2.458947,96.787277,0.192067,-0.870057,0.453995);
	add_vert(29.542870,11.765723,111.693085,0.192067,-0.870057,0.453995);
	add_vert(7.051953,-3.029980,92.852959,0.192067,-0.870057,0.453995);
	add_vert(74.103683,-2.433340,25.026283,0.072805,0.717841,0.692389);
	add_vert(77.443840,-9.292519,31.786386,0.072805,0.717841,0.692389);
	add_vert(82.996773,-9.758068,31.685160,0.072805,0.717841,0.692389);
	add_vert(56.439388,12.568314,14.206014,0.181461,0.983299,0.013976);
	add_vert(54.831985,12.990793,5.351871,0.181461,0.983299,0.013976);
	add_vert(31.862989,17.091349,15.076270,0.181461,0.983299,0.013976);
	add_vert(12.697721,-28.181570,5.310379,-0.444492,-0.893803,0.059514);
	add_vert(17.847952,-29.947573,17.253424,-0.444492,-0.893803,0.059514);
	add_vert(7.337845,-24.842545,15.425775,-0.444492,-0.893803,0.059514);
	add_vert(82.011826,-22.448847,25.699102,0.882664,-0.251193,-0.397249);
	add_vert(74.377953,-16.983009,5.280865,0.882664,-0.251193,-0.397249);
	add_vert(84.232941,-10.809189,23.274181,0.882664,-0.251193,-0.397249);
	add_vert(7.373121,-20.273106,19.886049,-0.814464,-0.284658,-0.505588);
	add_vert(6.419781,-6.827970,13.851887,-0.814464,-0.284658,-0.505588);
	add_vert(10.061195,-10.791482,10.217390,-0.814464,-0.284658,-0.505588);
	add_vert(48.751999,-10.750254,75.248901,-0.390004,-0.136023,0.910711);
	add_vert(29.236950,1.372280,68.702370,-0.390004,-0.136023,0.910711);
	add_vert(27.161108,-20.210508,64.589813,-0.390004,-0.136023,0.910711);
	add_vert(19.874365,-37.050163,7.225319,-0.027437,-0.232144,-0.972294);
	add_vert(12.697721,-28.181570,5.310379,-0.027437,-0.232144,-0.972294);
	add_vert(46.470150,-32.180119,5.312054,-0.027437,-0.232144,-0.972294);
	add_vert(54.923351,-0.264993,5.376235,-0.002703,0.007391,-0.999969);
	add_vert(70.471558,-5.591371,5.294834,-0.002703,0.007391,-0.999969);
	add_vert(-6.452787,-22.764629,5.375844,-0.002703,0.007391,-0.999969);
	add_vert(-21.593699,-5.908784,86.379417,-0.968955,0.037725,-0.244342);
	add_vert(-19.341692,-1.290740,78.161926,-0.968955,0.037725,-0.244342);
	add_vert(-20.018257,-24.491413,77.262794,-0.968955,0.037725,-0.244342);
	add_vert(29.226992,18.707151,44.539494,-0.800843,0.482166,0.355199);
	add_vert(28.565018,26.427288,32.567257,-0.800843,0.482166,0.355199);
	add_vert(21.050880,14.744042,31.485106,-0.800843,0.482166,0.355199);
	add_vert(-4.462166,33.056183,103.480209,-0.541560,0.767633,-0.342712);
	add_vert(8.380380,43.984310,107.663826,-0.541560,0.767633,-0.342712);
	add_vert(3.269821,34.315594,94.082901,-0.541560,0.767633,-0.342712);
	add_vert(-21.593699,-5.908784,86.379417,-0.336420,0.317391,0.886614);
	add_vert(-4.205371,-8.040327,93.740364,-0.336420,0.317391,0.886614);
	add_vert(-2.582051,3.291964,90.299576,-0.336420,0.317391,0.886614);
	add_vert(12.460421,-27.631361,52.311466,-0.065647,-0.817250,0.572532);
	add_vert(23.549337,-31.615866,47.895332,-0.065647,-0.817250,0.572532);
	add_vert(27.161108,-20.210508,64.589813,-0.065647,-0.817250,0.572532);
	add_vert(32.650837,16.574064,59.561928,0.187784,0.944560,0.269340);
	add_vert(57.814293,13.204912,53.833424,0.187784,0.944560,0.269340);
	add_vert(46.159988,16.625916,49.961536,0.187784,0.944560,0.269340);
	add_vert(10.608130,28.953554,101.516609,0.074260,-0.690865,0.719160);
	add_vert(16.219772,41.004177,112.513641,0.074260,-0.690865,0.719160);
	add_vert(1.880368,37.066368,110.211441,0.074260,-0.690865,0.719160);
	add_vert(46.470150,-32.180119,5.312054,-0.028739,-0.957659,-0.286465);
	add_vert(46.750908,-33.683292,10.309030,-0.028739,-0.957659,-0.286465);
	add_vert(31.452627,-34.743919,15.389469,-0.028739,-0.957659,-0.286465);
	add_vert(17.847952,-29.947573,17.253424,-0.420258,-0.632165,0.650961);
	add_vert(7.373121,-20.273106,19.886049,-0.420258,-0.632165,0.650961);
	add_vert(7.337845,-24.842545,15.425775,-0.420258,-0.632165,0.650961);
	add_vert(-5.434093,1.448322,7.630634,-0.246780,0.331143,0.910738);
	add_vert(-1.814861,-7.484867,11.859421,-0.246780,0.331143,0.910738);
	add_vert(6.419781,-6.827970,13.851887,-0.246780,0.331143,0.910738);
	add_vert(-6.772095,-27.367222,83.070396,0.635672,-0.766341,-0.092968);
	add_vert(5.315333,-16.999882,80.260056,0.635672,-0.766341,-0.092968);
	add_vert(3.630415,-19.401827,88.538704,0.635672,-0.766341,-0.092968);
	add_vert(63.935928,15.736155,34.695133,0.426800,0.890618,-0.156978);
	add_vert(63.092522,13.910298,22.043007,0.426800,0.890618,-0.156978);
	add_vert(49.960499,21.494259,29.366737,0.426800,0.890618,-0.156978);
	add_vert(39.498386,-40.304123,46.218288,0.071985,-0.993731,0.085532);
	add_vert(42.713348,-41.427631,30.459379,0.071985,-0.993731,0.085532);
	add_vert(49.207832,-39.966232,41.972366,0.071985,-0.993731,0.085532);
	add_vert(42.551220,-31.091362,64.351578,-0.212257,-0.856327,0.470798);
	add_vert(27.724054,-39.776821,41.868996,-0.212257,-0.856327,0.470798);
	add_vert(39.498386,-40.304123,46.218288,-0.212257,-0.856327,0.470798);
	add_vert(59.223038,11.886848,63.991158,-0.019909,0.991134,0.131370);
	add_vert(57.814293,13.204912,53.833424,-0.019909,0.991134,0.131370);
	add_vert(43.605114,11.608113,63.727177,-0.019909,0.991134,0.131370);
	add_vert(2.113453,16.716484,32.444763,-0.653475,0.624860,-0.427224);
	add_vert(-7.553542,1.506406,24.984909,-0.653475,0.624860,-0.427224);
	add_vert(-8.192490,14.455393,44.901501,-0.653475,0.624860,-0.427224);
	add_vert(19.874365,-37.050163,7.225319,0.181497,-0.983181,0.020338);
	add_vert(46.470150,-32.180119,5.312054,0.181497,-0.983181,0.020338);
	add_vert(31.452627,-34.743919,15.389469,0.181497,-0.983181,0.020338);
	add_vert(5.315333,-16.999882,80.260056,0.912515,-0.403228,0.068729);
	add_vert(10.397546,-3.888087,89.709541,0.912515,-0.403228,0.068729);
	add_vert(3.630415,-19.401827,88.538704,0.912515,-0.403228,0.068729);
	add_vert(-4.462166,33.056183,103.480209,-0.708016,0.479712,-0.518256);
	add_vert(3.269821,34.315594,94.082901,-0.708016,0.479712,-0.518256);
	add_vert(-4.245932,23.641005,94.469864,-0.708016,0.479712,-0.518256);
	add_vert(8.905133,5.376803,5.274907,0.003235,-0.000507,-0.999995);
	add_vert(22.395800,18.550373,5.311866,0.003235,-0.000507,-0.999995);
	add_vert(-0.456871,-12.881787,5.253883,0.003235,-0.000507,-0.999995);
	add_vert(67.756691,-19.785345,64.532501,0.615002,-0.624461,0.481479);
	add_vert(62.428028,-28.382292,60.188969,0.615002,-0.624461,0.481479);
	add_vert(71.847755,-25.795000,51.512608,0.615002,-0.624461,0.481479);
	add_vert(-1.425834,-28.697832,35.927811,-0.186776,-0.962818,-0.195184);
	add_vert(16.296309,-30.711380,28.901667,-0.186776,-0.962818,-0.195184);
	add_vert(-1.693329,-30.414913,44.653904,-0.186776,-0.962818,-0.195184);
	add_vert(6.239258,4.278805,21.569592,-0.847264,0.293747,-0.442557);
	add_vert(10.393107,6.124787,14.842429,-0.847264,0.293747,-0.442557);
	add_vert(6.419781,-6.827970,13.851887,-0.847264,0.293747,-0.442557);
	add_vert(55.259842,-29.120697,14.605011,0.294680,-0.954930,0.035660);
	add_vert(46.470150,-32.180119,5.312054,0.294680,-0.954930,0.035660);
	add_vert(67.265984,-25.761890,5.335831,0.294680,-0.954930,0.035660);
	add_vert(10.393107,6.124787,14.842429,-0.454271,0.890126,-0.036244);
	add_vert(6.239258,4.278805,21.569592,-0.454271,0.890126,-0.036244);
	add_vert(31.862989,17.091349,15.076270,-0.454271,0.890126,-0.036244);
	add_vert(55.135765,-33.818977,21.711510,0.153622,-0.825508,-0.543081);
	add_vert(55.259842,-29.120697,14.605011,0.153622,-0.825508,-0.543081);
	add_vert(64.277557,-29.077145,17.089655,0.153622,-0.825508,-0.543081);
	add_vert(11.322732,10.695372,68.510033,0.117815,0.246227,0.962025);
	add_vert(16.881767,-3.674679,71.507210,0.117815,0.246227,0.962025);
	add_vert(29.236950,1.372280,68.702370,0.117815,0.246227,0.962025);
	add_vert(67.756691,-19.785345,64.532501,0.380583,-0.254085,0.889155);
	add_vert(48.751999,-10.750254,75.248901,0.380583,-0.254085,0.889155);
	add_vert(47.880558,-23.292019,72.037971,0.380583,-0.254085,0.889155);
	add_vert(7.337845,-24.842545,15.425775,0.211996,-0.889037,0.405796);
	add_vert(1.371671,-29.638382,8.035669,0.211996,-0.889037,0.405796);
	add_vert(12.697721,-28.181570,5.310379,0.211996,-0.889037,0.405796);
	add_vert(63.935928,15.736155,34.695133,0.545238,0.821869,0.165068);
	add_vert(56.676582,18.933500,42.754032,0.545238,0.821869,0.165068);
	add_vert(68.242119,9.494752,51.547035,0.545238,0.821869,0.165068);
	add_vert(-20.511681,-9.214548,46.441719,-0.874791,-0.198171,-0.442118);
	add_vert(-10.108046,-20.983580,31.131956,-0.874791,-0.198171,-0.442118);
	add_vert(-15.619654,-19.234953,41.253635,-0.874791,-0.198171,-0.442118);
	add_vert(-4.711780,-24.598978,55.313019,0.514069,-0.741902,-0.430481);
	add_vert(13.977301,-17.521719,65.433876,0.514069,-0.741902,-0.430481);
	add_vert(1.500826,-25.917610,65.004501,0.514069,-0.741902,-0.430481);
	add_vert(48.751999,-10.750254,75.248901,0.405946,-0.203002,0.891066);
	add_vert(67.756691,-19.785345,64.532501,0.405946,-0.203002,0.891066);
	add_vert(63.769543,-6.074312,69.472572,0.405946,-0.203002,0.891066);
	add_vert(-2.564851,12.458483,77.948547,0.072567,0.994234,-0.078949);
	add_vert(11.322732,10.695372,68.510033,0.072567,0.994234,-0.078949);
	add_vert(-5.462559,11.136494,58.636871,0.072567,0.994234,-0.078949);
	add_vert(77.160118,-20.248390,40.035561,0.967684,-0.167192,-0.188768);
	add_vert(75.235497,-20.461643,30.358242,0.967684,-0.167192,-0.188768);
	add_vert(77.443840,-9.292519,31.786386,0.967684,-0.167192,-0.188768);
	add_vert(-15.295059,-17.339926,55.172718,-0.562358,-0.817481,0.124411);
	add_vert(-15.619654,-19.234953,41.253635,-0.562358,-0.817481,0.124411);
	add_vert(-4.711780,-24.598978,55.313019,-0.562358,-0.817481,0.124411);
	add_vert(5.591862,20.200201,48.569427,-0.353406,0.927204,-0.124085);
	add_vert(2.113453,16.716484,32.444763,-0.353406,0.927204,-0.124085);
	add_vert(-8.192490,14.455393,44.901501,-0.353406,0.927204,-0.124085);
	add_vert(21.240665,36.328995,104.226685,0.966629,0.231470,-0.109772);
	add_vert(19.485271,38.630070,93.621155,0.966629,0.231470,-0.109772);
	add_vert(18.309347,45.197327,97.114212,0.966629,0.231470,-0.109772);
	add_vert(16.296309,-30.711380,28.901667,0.113248,-0.982508,0.147825);
	add_vert(12.460421,-27.631361,52.311466,0.113248,-0.982508,0.147825);
	add_vert(-1.693329,-30.414913,44.653904,0.113248,-0.982508,0.147825);
	add_vert(74.103683,-2.433340,25.026283,0.730816,0.590844,-0.341777);
	add_vert(63.935928,15.736155,34.695133,0.730816,0.590844,-0.341777);
	add_vert(74.177460,6.971712,41.442955,0.730816,0.590844,-0.341777);
	add_vert(4.598203,36.358456,84.128960,-0.720526,0.367940,-0.587761);
	add_vert(-2.564851,12.458483,77.948547,-0.720526,0.367940,-0.587761);
	add_vert(-7.096308,11.379349,82.828041,-0.720526,0.367940,-0.587761);
	add_vert(-16.081835,1.182789,36.272312,-0.797978,0.021628,-0.602299);
	add_vert(-7.553542,1.506406,24.984909,-0.797978,0.021628,-0.602299);
	add_vert(-7.135612,-15.087037,23.835348,-0.797978,0.021628,-0.602299);
	add_vert(-20.511681,-9.214548,46.441719,-0.860982,-0.117258,-0.494934);
	add_vert(-16.081835,1.182789,36.272312,-0.860982,-0.117258,-0.494934);
	add_vert(-10.108046,-20.983580,31.131956,-0.860982,-0.117258,-0.494934);
	add_vert(10.608130,28.953554,101.516609,0.340741,-0.715371,0.610033);
	add_vert(21.240665,36.328995,104.226685,0.340741,-0.715371,0.610033);
	add_vert(16.219772,41.004177,112.513641,0.340741,-0.715371,0.610033);
	add_vert(10.397546,-3.888087,89.709541,0.314598,-0.207141,0.926348);
	add_vert(-4.205371,-8.040327,93.740364,0.314598,-0.207141,0.926348);
	add_vert(3.630415,-19.401827,88.538704,0.314598,-0.207141,0.926348);
	add_vert(3.330716,19.617216,82.537445,0.589331,0.032123,-0.807253);
	add_vert(-2.564851,12.458483,77.948547,0.589331,0.032123,-0.807253);
	add_vert(4.598203,36.358456,84.128960,0.589331,0.032123,-0.807253);
	add_vert(74.103683,-2.433340,25.026283,0.833049,0.536967,-0.133023);
	add_vert(63.092522,13.910298,22.043007,0.833049,0.536967,-0.133023);
	add_vert(63.935928,15.736155,34.695133,0.833049,0.536967,-0.133023);
	add_vert(3.269821,34.315594,94.082901,-0.924143,0.368883,0.099423);
	add_vert(6.276077,42.754452,90.716042,-0.924143,0.368883,0.099423);
	add_vert(-7.096308,11.379349,82.828041,-0.924143,0.368883,0.099423);
	add_vert(67.756691,-19.785345,64.532501,0.896258,-0.221892,0.384039);
	add_vert(71.847755,-25.795000,51.512608,0.896258,-0.221892,0.384039);
	add_vert(76.141289,-2.216267,55.115955,0.896258,-0.221892,0.384039);
	add_vert(10.061195,-10.791482,10.217390,-0.505195,0.384337,0.772699);
	add_vert(-6.452787,-22.764629,5.375844,-0.505195,0.384337,0.772699);
	add_vert(7.337845,-24.842545,15.425775,-0.505195,0.384337,0.772699);
	add_vert(38.374302,19.974197,16.788998,0.047097,0.429433,-0.901870);
	add_vert(56.439388,12.568314,14.206014,0.047097,0.429433,-0.901870);
	add_vert(31.862989,17.091349,15.076270,0.047097,0.429433,-0.901870);
	add_vert(62.428028,-28.382292,60.188969,0.373979,-0.592355,0.713621);
	add_vert(67.756691,-19.785345,64.532501,0.373979,-0.592355,0.713621);
	add_vert(47.880558,-23.292019,72.037971,0.373979,-0.592355,0.713621);
	add_vert(-4.711780,-24.598978,55.313019,0.698622,-0.496307,-0.515371);
	add_vert(1.500826,-25.917610,65.004501,0.698622,-0.496307,-0.515371);
	add_vert(-5.818198,-33.934971,62.803837,0.698622,-0.496307,-0.515371);
	add_vert(-5.462559,11.136494,58.636871,-0.755836,0.586119,0.291849);
	add_vert(-8.192490,14.455393,44.901501,-0.755836,0.586119,0.291849);
	add_vert(-17.362780,-2.177474,54.555843,-0.755836,0.586119,0.291849);
	add_vert(-7.553542,1.506406,24.984909,-0.303595,0.568107,-0.764908);
	add_vert(2.113453,16.716484,32.444763,-0.303595,0.568107,-0.764908);
	add_vert(6.239258,4.278805,21.569592,-0.303595,0.568107,-0.764908);
	add_vert(30.041061,30.601151,103.612564,0.247357,0.740331,-0.625079);
	add_vert(35.363232,30.643520,105.768845,0.247357,0.740331,-0.625079);
	add_vert(36.363209,19.849846,93.380737,0.247357,0.740331,-0.625079);
	add_vert(22.616880,2.458947,96.787277,0.803984,-0.594646,-0.002291);
	add_vert(38.195709,23.468212,110.779343,0.803984,-0.594646,-0.002291);
	add_vert(29.542870,11.765723,111.693085,0.803984,-0.594646,-0.002291);
	add_vert(-2.154797,20.623608,100.336327,-0.909411,0.134738,0.393467);
	add_vert(-4.245932,23.641005,94.469864,-0.909411,0.134738,0.393467);
	add_vert(-9.316551,8.589153,87.904594,-0.909411,0.134738,0.393467);
	add_vert(79.977448,-3.087993,21.758730,0.020064,0.986651,-0.161607);
	add_vert(70.471558,-5.591371,5.294834,0.020064,0.986651,-0.161607);
	add_vert(74.103683,-2.433340,25.026283,0.020064,0.986651,-0.161607);
	add_vert(-10.108046,-20.983580,31.131956,-0.404914,-0.623491,-0.668807);
	add_vert(-7.135612,-15.087037,23.835348,-0.404914,-0.623491,-0.668807);
	add_vert(7.373121,-20.273106,19.886049,-0.404914,-0.623491,-0.668807);
	add_vert(17.847952,-29.947573,17.253424,-0.778315,-0.575739,0.250501);
	add_vert(12.697721,-28.181570,5.310379,-0.778315,-0.575739,0.250501);
	add_vert(19.874365,-37.050163,7.225319,-0.778315,-0.575739,0.250501);
	add_vert(67.265984,-25.761890,5.335831,0.652301,-0.756469,-0.047519);
	add_vert(75.235497,-20.461643,30.358242,0.652301,-0.756469,-0.047519);
	add_vert(64.277557,-29.077145,17.089655,0.652301,-0.756469,-0.047519);
	add_vert(10.397546,-3.888087,89.709541,0.553656,-0.797093,-0.241056);
	add_vert(13.184771,0.510763,81.565674,0.553656,-0.797093,-0.241056);
	add_vert(22.616880,2.458947,96.787277,0.553656,-0.797093,-0.241056);
	add_vert(-4.462166,33.056183,103.480209,-0.947931,-0.231290,0.218932);
	add_vert(-4.245932,23.641005,94.469864,-0.947931,-0.231290,0.218932);
	add_vert(-2.154797,20.623608,100.336327,-0.947931,-0.231290,0.218932);
	add_vert(36.363209,19.849846,93.380737,0.443804,0.015486,-0.895990);
	add_vert(13.184771,0.510763,81.565674,0.443804,0.015486,-0.895990);
	add_vert(9.657615,7.293525,79.935822,0.443804,0.015486,-0.895990);
	add_vert(74.377953,-16.983009,5.280865,-0.006493,-0.001001,-0.999978);
	add_vert(67.265984,-25.761890,5.335831,-0.006493,-0.001001,-0.999978);
	add_vert(70.471558,-5.591371,5.294834,-0.006493,-0.001001,-0.999978);
	add_vert(39.498386,-40.304123,46.218288,-0.029358,-0.997445,0.065122);
	add_vert(31.180925,-41.306591,27.114344,-0.029358,-0.997445,0.065122);
	add_vert(42.713348,-41.427631,30.459379,-0.029358,-0.997445,0.065122);
	add_vert(-15.295059,-17.339926,55.172718,-0.661097,-0.120285,-0.740596);
	add_vert(-22.557022,-7.863877,60.116085,-0.661097,-0.120285,-0.740596);
	add_vert(-17.362780,-2.177474,54.555843,-0.661097,-0.120285,-0.740596);
	add_vert(1.371671,-29.638382,8.035669,-0.142751,-0.494303,-0.857489);
	add_vert(-6.452787,-22.764629,5.375844,-0.142751,-0.494303,-0.857489);
	add_vert(12.697721,-28.181570,5.310379,-0.142751,-0.494303,-0.857489);
	add_vert(8.380380,43.984310,107.663826,-0.926622,0.365422,0.088535);
	add_vert(6.276077,42.754452,90.716042,-0.926622,0.365422,0.088535);
	add_vert(3.269821,34.315594,94.082901,-0.926622,0.365422,0.088535);
	add_vert(4.598203,36.358456,84.128960,0.532847,0.040014,-0.845265);
	add_vert(19.485271,38.630070,93.621155,0.532847,0.040014,-0.845265);
	add_vert(3.330716,19.617216,82.537445,0.532847,0.040014,-0.845265);
	add_vert(10.061195,-10.791482,10.217390,-0.107229,-0.723678,0.681756);
	add_vert(6.419781,-6.827970,13.851887,-0.107229,-0.723678,0.681756);
	add_vert(-1.814861,-7.484867,11.859421,-0.107229,-0.723678,0.681756);
	add_vert(56.439388,12.568314,14.206014,0.461836,0.465083,-0.755252);
	add_vert(65.392700,1.685113,12.979102,0.461836,0.465083,-0.755252);
	add_vert(54.923351,-0.264993,5.376235,0.461836,0.465083,-0.755252);
	add_vert(79.977448,-3.087993,21.758730,0.792322,0.336843,-0.508687);
	add_vert(84.232941,-10.809189,23.274181,0.792322,0.336843,-0.508687);
	add_vert(70.471558,-5.591371,5.294834,0.792322,0.336843,-0.508687);
	add_vert(-7.553542,1.506406,24.984909,-0.251374,0.060591,-0.965992);
	add_vert(6.239258,4.278805,21.569592,-0.251374,0.060591,-0.965992);
	add_vert(-7.135612,-15.087037,23.835348,-0.251374,0.060591,-0.965992);
	add_vert(77.160118,-20.248390,40.035561,0.703245,-0.699768,-0.125579);
	add_vert(62.885677,-34.117687,37.382732,0.703245,-0.699768,-0.125579);
	add_vert(64.277557,-29.077145,17.089655,0.703245,-0.699768,-0.125579);
	add_vert(-2.154797,20.623608,100.336327,-0.570377,-0.401049,0.716819);
	add_vert(-9.316551,8.589153,87.904594,-0.570377,-0.401049,0.716819);
	add_vert(-2.582051,3.291964,90.299576,-0.570377,-0.401049,0.716819);
	add_vert(29.236950,1.372280,68.702370,0.295960,-0.206186,0.932682);
	add_vert(16.881767,-3.674679,71.507210,0.295960,-0.206186,0.932682);
	add_vert(27.161108,-20.210508,64.589813,0.295960,-0.206186,0.932682);
	add_vert(17.847952,-29.947573,17.253424,-0.350424,-0.813794,-0.463619);
	add_vert(31.452627,-34.743919,15.389469,-0.350424,-0.813794,-0.463619);
	add_vert(31.180925,-41.306591,27.114344,-0.350424,-0.813794,-0.463619);
	add_vert(2.113453,16.716484,32.444763,0.089377,0.969382,-0.228714);
	add_vert(5.591862,20.200201,48.569427,0.089377,0.969382,-0.228714);
	add_vert(21.050880,14.744042,31.485106,0.089377,0.969382,-0.228714);
	add_vert(43.605114,11.608113,63.727177,0.218974,0.863734,0.453888);
	add_vert(57.814293,13.204912,53.833424,0.218974,0.863734,0.453888);
	add_vert(32.650837,16.574064,59.561928,0.218974,0.863734,0.453888);
	add_vert(50.795670,1.508498,72.232697,-0.024379,0.633758,0.773147);
	add_vert(59.223038,11.886848,63.991158,-0.024379,0.633758,0.773147);
	add_vert(43.605114,11.608113,63.727177,-0.024379,0.633758,0.773147);
	add_vert(36.518944,26.357403,43.721592,0.574843,0.769778,0.277484);
	add_vert(49.960499,21.494259,29.366737,0.574843,0.769778,0.277484);
	add_vert(41.233246,26.831974,32.638805,0.574843,0.769778,0.277484);
	add_vert(28.902403,20.602587,94.550209,-0.829282,0.424186,-0.363810);
	add_vert(23.362013,20.396402,106.938759,-0.829282,0.424186,-0.363810);
	add_vert(30.041061,30.601151,103.612564,-0.829282,0.424186,-0.363810);
	add_vert(-5.434093,1.448322,7.630634,-0.429113,0.062725,0.901070);
	add_vert(6.419781,-6.827970,13.851887,-0.429113,0.062725,0.901070);
	add_vert(10.393107,6.124787,14.842429,-0.429113,0.062725,0.901070);
	add_vert(19.485271,38.630070,93.621155,0.416795,0.483913,-0.769487);
	add_vert(4.598203,36.358456,84.128960,0.416795,0.483913,-0.769487);
	add_vert(18.309347,45.197327,97.114212,0.416795,0.483913,-0.769487);
	add_vert(31.180925,-41.306591,27.114344,-0.585302,-0.800254,-0.130442);
	add_vert(16.296309,-30.711380,28.901667,-0.585302,-0.800254,-0.130442);
	add_vert(17.847952,-29.947573,17.253424,-0.585302,-0.800254,-0.130442);
	add_vert(-21.593699,-5.908784,86.379417,-0.699297,-0.361758,0.616535);
	add_vert(-20.018257,-24.491413,77.262794,-0.699297,-0.361758,0.616535);
	add_vert(-14.117411,-16.906992,88.405998,-0.699297,-0.361758,0.616535);
	add_vert(-22.721935,-26.361109,64.221367,-0.338602,-0.845829,-0.412217);
	add_vert(-19.512016,-24.397982,57.556541,-0.338602,-0.845829,-0.412217);
	add_vert(-14.483150,-32.904858,70.881027,-0.338602,-0.845829,-0.412217);
	add_vert(55.152161,-35.401314,50.349213,0.190180,-0.912459,0.362285);
	add_vert(39.498386,-40.304123,46.218288,0.190180,-0.912459,0.362285);
	add_vert(49.207832,-39.966232,41.972366,0.190180,-0.912459,0.362285);
	add_vert(63.935928,15.736155,34.695133,0.586255,0.796978,0.145368);
	add_vert(68.242119,9.494752,51.547035,0.586255,0.796978,0.145368);
	add_vert(74.177460,6.971712,41.442955,0.586255,0.796978,0.145368);
	add_vert(3.269821,34.315594,94.082901,-0.766846,0.526620,-0.366904);
	add_vert(-7.096308,11.379349,82.828041,-0.766846,0.526620,-0.366904);
	add_vert(-4.245932,23.641005,94.469864,-0.766846,0.526620,-0.366904);
	add_vert(62.885677,-34.117687,37.382732,0.396717,-0.892837,-0.213207);
	add_vert(42.713348,-41.427631,30.459379,0.396717,-0.892837,-0.213207);
	add_vert(55.135765,-33.818977,21.711510,0.396717,-0.892837,-0.213207);
	add_vert(22.616880,2.458947,96.787277,0.639082,-0.705788,-0.305676);
	add_vert(13.184771,0.510763,81.565674,0.639082,-0.705788,-0.305676);
	add_vert(35.530037,14.819423,95.245407,0.639082,-0.705788,-0.305676);
	add_vert(-2.582051,3.291964,90.299576,0.819434,-0.523356,0.233723);
	add_vert(4.804305,14.353054,89.171173,0.819434,-0.523356,0.233723);
	add_vert(10.608130,28.953554,101.516609,0.819434,-0.523356,0.233723);
	add_vert(16.881767,-3.674679,71.507210,-0.022368,-0.397626,0.917275);
	add_vert(13.977301,-17.521719,65.433876,-0.022368,-0.397626,0.917275);
	add_vert(27.161108,-20.210508,64.589813,-0.022368,-0.397626,0.917275);
	add_vert(35.530037,14.819423,95.245407,0.683459,-0.681329,0.262058);
	add_vert(38.195709,23.468212,110.779343,0.683459,-0.681329,0.262058);
	add_vert(22.616880,2.458947,96.787277,0.683459,-0.681329,0.262058);
	add_vert(74.103683,-2.433340,25.026283,0.662276,0.711208,-0.235740);
	add_vert(70.471558,-5.591371,5.294834,0.662276,0.711208,-0.235740);
	add_vert(65.392700,1.685113,12.979102,0.662276,0.711208,-0.235740);
	add_vert(-20.018257,-24.491413,77.262794,-0.949179,-0.284259,-0.135115);
	add_vert(-23.889854,-7.028679,67.722076,-0.949179,-0.284259,-0.135115);
	add_vert(-22.557022,-7.863877,60.116085,-0.949179,-0.284259,-0.135115);
	add_vert(6.239258,4.278805,21.569592,-0.243851,0.055132,-0.968244);
	add_vert(7.373121,-20.273106,19.886049,-0.243851,0.055132,-0.968244);
	add_vert(-7.135612,-15.087037,23.835348,-0.243851,0.055132,-0.968244);
	add_vert(71.847755,-25.795000,51.512608,0.921632,-0.216990,0.321728);
	add_vert(77.160118,-20.248390,40.035561,0.921632,-0.216990,0.321728);
	add_vert(76.141289,-2.216267,55.115955,0.921632,-0.216990,0.321728);
	add_vert(-2.154797,20.623608,100.336327,-0.599161,-0.299008,0.742698);
	add_vert(1.880368,37.066368,110.211441,-0.599161,-0.299008,0.742698);
	add_vert(-4.462166,33.056183,103.480209,-0.599161,-0.299008,0.742698);
	add_vert(4.804305,14.353054,89.171173,0.304220,-0.682688,0.664370);
	add_vert(21.240665,36.328995,104.226685,0.304220,-0.682688,0.664370);
	add_vert(10.608130,28.953554,101.516609,0.304220,-0.682688,0.664370);
	add_vert(-4.711780,-24.598978,55.313019,-0.148785,-0.235483,-0.960422);
	add_vert(-19.512016,-24.397982,57.556541,-0.148785,-0.235483,-0.960422);
	add_vert(-15.295059,-17.339926,55.172718,-0.148785,-0.235483,-0.960422);
	add_vert(49.960499,21.494259,29.366737,0.302645,0.872237,-0.384199);
	add_vert(56.439388,12.568314,14.206014,0.302645,0.872237,-0.384199);
	add_vert(38.374302,19.974197,16.788998,0.302645,0.872237,-0.384199);
	add_vert(31.180925,-41.306591,27.114344,-0.101840,-0.867065,-0.487675);
	add_vert(31.452627,-34.743919,15.389469,-0.101840,-0.867065,-0.487675);
	add_vert(46.750908,-33.683292,10.309030,-0.101840,-0.867065,-0.487675);
	add_vert(-4.205371,-8.040327,93.740364,-0.070610,-0.455089,0.887642);
	add_vert(-14.117411,-16.906992,88.405998,-0.070610,-0.455089,0.887642);
	add_vert(3.630415,-19.401827,88.538704,-0.070610,-0.455089,0.887642);
	add_vert(-10.108046,-20.983580,31.131956,-0.340921,-0.742313,-0.576840);
	add_vert(7.373121,-20.273106,19.886049,-0.340921,-0.742313,-0.576840);
	add_vert(-1.425834,-28.697832,35.927811,-0.340921,-0.742313,-0.576840);
	add_vert(55.152161,-35.401314,50.349213,0.478062,-0.855142,0.200472);
	add_vert(62.885677,-34.117687,37.382732,0.478062,-0.855142,0.200472);
	add_vert(71.847755,-25.795000,51.512608,0.478062,-0.855142,0.200472);
	add_vert(-19.512016,-24.397982,57.556541,-0.532845,0.032767,-0.845578);
	add_vert(-22.557022,-7.863877,60.116085,-0.532845,0.032767,-0.845578);
	add_vert(-15.295059,-17.339926,55.172718,-0.532845,0.032767,-0.845578);
	add_vert(55.152161,-35.401314,50.349213,0.435602,-0.883487,0.172342);
	add_vert(49.207832,-39.966232,41.972366,0.435602,-0.883487,0.172342);
	add_vert(62.885677,-34.117687,37.382732,0.435602,-0.883487,0.172342);
	add_vert(84.232941,-10.809189,23.274181,0.800324,0.275099,-0.532731);
	add_vert(74.377953,-16.983009,5.280865,0.800324,0.275099,-0.532731);
	add_vert(70.471558,-5.591371,5.294834,0.800324,0.275099,-0.532731);
	add_vert(-7.096308,11.379349,82.828041,-0.373711,0.926902,-0.034544);
	add_vert(-5.462559,11.136494,58.636871,-0.373711,0.926902,-0.034544);
	add_vert(-17.016325,6.631052,62.737965,-0.373711,0.926902,-0.034544);
	add_vert(63.935928,15.736155,34.695133,0.370242,0.928378,0.032169);
	add_vert(49.960499,21.494259,29.366737,0.370242,0.928378,0.032169);
	add_vert(36.518944,26.357403,43.721592,0.370242,0.928378,0.032169);
	add_vert(32.650837,16.574064,59.561928,-0.001306,0.948703,0.316166);
	add_vert(5.591862,20.200201,48.569427,-0.001306,0.948703,0.316166);
	add_vert(17.373781,15.595675,62.434635,-0.001306,0.948703,0.316166);
	add_vert(7.051953,-3.029980,92.852959,0.367216,-0.720984,0.587652);
	add_vert(-4.205371,-8.040327,93.740364,0.367216,-0.720984,0.587652);
	add_vert(10.397546,-3.888087,89.709541,0.367216,-0.720984,0.587652);
	add_vert(-4.711780,-24.598978,55.313019,-0.126689,-0.611597,-0.780961);
	add_vert(-5.818198,-33.934971,62.803837,-0.126689,-0.611597,-0.780961);
	add_vert(-19.512016,-24.397982,57.556541,-0.126689,-0.611597,-0.780961);
	add_vert(6.419781,-6.827970,13.851887,-0.997644,-0.049343,0.047675);
	add_vert(7.373121,-20.273106,19.886049,-0.997644,-0.049343,0.047675);
	add_vert(6.239258,4.278805,21.569592,-0.997644,-0.049343,0.047675);
	add_vert(17.373781,15.595675,62.434635,0.079336,0.735818,0.672516);
	add_vert(11.322732,10.695372,68.510033,0.079336,0.735818,0.672516);
	add_vert(32.650837,16.574064,59.561928,0.079336,0.735818,0.672516);
	add_vert(31.862989,17.091349,15.076270,0.168934,0.985489,-0.016537);
	add_vert(54.831985,12.990793,5.351871,0.168934,0.985489,-0.016537);
	add_vert(22.395800,18.550373,5.311866,0.168934,0.985489,-0.016537);
	add_vert(6.386195,8.425776,90.643585,0.518671,0.852237,0.068347);
	add_vert(9.657615,7.293525,79.935822,0.518671,0.852237,0.068347);
	add_vert(4.804572,10.327667,78.931030,0.518671,0.852237,0.068347);
	add_vert(-19.341692,-1.290740,78.161926,-0.869807,0.479740,0.115261);
	add_vert(-17.016325,6.631052,62.737965,-0.869807,0.479740,0.115261);
	add_vert(-23.889854,-7.028679,67.722076,-0.869807,0.479740,0.115261);
	add_vert(46.750908,-33.683292,10.309030,0.556822,-0.786275,-0.267810);
	add_vert(46.470150,-32.180119,5.312054,0.556822,-0.786275,-0.267810);
	add_vert(55.259842,-29.120697,14.605011,0.556822,-0.786275,-0.267810);
	add_vert(-15.619654,-19.234953,41.253635,-0.587657,-0.787940,-0.183875);
	add_vert(-10.108046,-20.983580,31.131956,-0.587657,-0.787940,-0.183875);
	add_vert(-1.693329,-30.414913,44.653904,-0.587657,-0.787940,-0.183875);
	add_vert(-5.818198,-33.934971,62.803837,0.178859,-0.933454,0.310921);
	add_vert(-6.772095,-27.367222,83.070396,0.178859,-0.933454,0.310921);
	add_vert(-14.483150,-32.904858,70.881027,0.178859,-0.933454,0.310921);
	add_vert(-2.154797,20.623608,100.336327,0.242816,-0.490613,0.836863);
	add_vert(-2.582051,3.291964,90.299576,0.242816,-0.490613,0.836863);
	add_vert(10.608130,28.953554,101.516609,0.242816,-0.490613,0.836863);
	add_vert(12.697721,-28.181570,5.310379,0.002546,0.021082,-0.999775);
	add_vert(-6.452787,-22.764629,5.375844,0.002546,0.021082,-0.999775);
	add_vert(46.470150,-32.180119,5.312054,0.002546,0.021082,-0.999775);
	add_vert(57.814293,13.204912,53.833424,0.111862,0.887352,0.447318);
	add_vert(56.676582,18.933500,42.754032,0.111862,0.887352,0.447318);
	add_vert(46.159988,16.625916,49.961536,0.111862,0.887352,0.447318);
	add_vert(46.750908,-33.683292,10.309030,0.355823,-0.894005,-0.272294);
	add_vert(55.135765,-33.818977,21.711510,0.355823,-0.894005,-0.272294);
	add_vert(42.713348,-41.427631,30.459379,0.355823,-0.894005,-0.272294);
	add_vert(-2.154797,20.623608,100.336327,0.281874,-0.543874,0.790410);
	add_vert(10.608130,28.953554,101.516609,0.281874,-0.543874,0.790410);
	add_vert(1.880368,37.066368,110.211441,0.281874,-0.543874,0.790410);
	add_vert(30.041061,30.601151,103.612564,-0.721307,0.590227,0.362420);
	add_vert(23.362013,20.396402,106.938759,-0.721307,0.590227,0.362420);
	add_vert(31.117165,26.499443,112.434212,-0.721307,0.590227,0.362420);
	add_vert(55.259842,-29.120697,14.605011,0.074407,-0.964563,-0.253144);
	add_vert(67.265984,-25.761890,5.335831,0.074407,-0.964563,-0.253144);
	add_vert(64.277557,-29.077145,17.089655,0.074407,-0.964563,-0.253144);
	add_vert(9.657615,7.293525,79.935822,0.885512,0.393938,0.246337);
	add_vert(16.881767,-3.674679,71.507210,0.885512,0.393938,0.246337);
	add_vert(11.322732,10.695372,68.510033,0.885512,0.393938,0.246337);
	add_vert(35.530037,14.819423,95.245407,0.643359,-0.357495,-0.676969);
	add_vert(13.184771,0.510763,81.565674,0.643359,-0.357495,-0.676969);
	add_vert(36.363209,19.849846,93.380737,0.643359,-0.357495,-0.676969);
	add_vert(38.195709,23.468212,110.779343,0.980374,-0.186290,-0.064515);
	add_vert(35.530037,14.819423,95.245407,0.980374,-0.186290,-0.064515);
	add_vert(36.363209,19.849846,93.380737,0.980374,-0.186290,-0.064515);

	add_tri(0, 1, 2);
	add_tri(3, 4, 5);
	add_tri(6, 7, 8);
	add_tri(9, 10, 11);
	add_tri(12, 13, 14);
	add_tri(15, 16, 17);
	add_tri(18, 19, 20);
	add_tri(21, 22, 23);
	add_tri(24, 25, 26);
	add_tri(27, 28, 29);
	add_tri(30, 31, 32);
	add_tri(33, 34, 35);
	add_tri(36, 37, 38);
	add_tri(39, 40, 41);
	add_tri(42, 43, 44);
	add_tri(45, 46, 47);
	add_tri(48, 49, 50);
	add_tri(51, 52, 53);
	add_tri(54, 55, 56);
	add_tri(57, 58, 59);
	add_tri(60, 61, 62);
	add_tri(63, 64, 65);
	add_tri(66, 67, 68);
	add_tri(69, 70, 71);
	add_tri(72, 73, 74);
	add_tri(75, 76, 77);
	add_tri(78, 79, 80);
	add_tri(81, 82, 83);
	add_tri(84, 85, 86);
	add_tri(87, 88, 89);
	add_tri(90, 91, 92);
	add_tri(93, 94, 95);
	add_tri(96, 97, 98);
	add_tri(99, 100, 101);
	add_tri(102, 103, 104);
	add_tri(105, 106, 107);
	add_tri(108, 109, 110);
	add_tri(111, 112, 113);
	add_tri(114, 115, 116);
	add_tri(117, 118, 119);
	add_tri(120, 121, 122);
	add_tri(123, 124, 125);
	add_tri(126, 127, 128);
	add_tri(129, 130, 131);
	add_tri(132, 133, 134);
	add_tri(135, 136, 137);
	add_tri(138, 139, 140);
	add_tri(141, 142, 143);
	add_tri(144, 145, 146);
	add_tri(147, 148, 149);
	add_tri(150, 151, 152);
	add_tri(153, 154, 155);
	add_tri(156, 157, 158);
	add_tri(159, 160, 161);
	add_tri(162, 163, 164);
	add_tri(165, 166, 167);
	add_tri(168, 169, 170);
	add_tri(171, 172, 173);
	add_tri(174, 175, 176);
	add_tri(177, 178, 179);
	add_tri(180, 181, 182);
	add_tri(183, 184, 185);
	add_tri(186, 187, 188);
	add_tri(189, 190, 191);
	add_tri(192, 193, 194);
	add_tri(195, 196, 197);
	add_tri(198, 199, 200);
	add_tri(201, 202, 203);
	add_tri(204, 205, 206);
	add_tri(207, 208, 209);
	add_tri(210, 211, 212);
	add_tri(213, 214, 215);
	add_tri(216, 217, 218);
	add_tri(219, 220, 221);
	add_tri(222, 223, 224);
	add_tri(225, 226, 227);
	add_tri(228, 229, 230);
	add_tri(231, 232, 233);
	add_tri(234, 235, 236);
	add_tri(237, 238, 239);
	add_tri(240, 241, 242);
	add_tri(243, 244, 245);
	add_tri(246, 247, 248);
	add_tri(249, 250, 251);
	add_tri(252, 253, 254);
	add_tri(255, 256, 257);
	add_tri(258, 259, 260);
	add_tri(261, 262, 263);
	add_tri(264, 265, 266);
	add_tri(267, 268, 269);
	add_tri(270, 271, 272);
	add_tri(273, 274, 275);
	add_tri(276, 277, 278);
	add_tri(279, 280, 281);
	add_tri(282, 283, 284);
	add_tri(285, 286, 287);
	add_tri(288, 289, 290);
	add_tri(291, 292, 293);
	add_tri(294, 295, 296);
	add_tri(297, 298, 299);
	add_tri(300, 301, 302);
	add_tri(303, 304, 305);
	add_tri(306, 307, 308);
	add_tri(309, 310, 311);
	add_tri(312, 313, 314);
	add_tri(315, 316, 317);
	add_tri(318, 319, 320);
	add_tri(321, 322, 323);
	add_tri(324, 325, 326);
	add_tri(327, 328, 329);
	add_tri(330, 331, 332);
	add_tri(333, 334, 335);
	add_tri(336, 337, 338);
	add_tri(339, 340, 341);
	add_tri(342, 343, 344);
	add_tri(345, 346, 347);
	add_tri(348, 349, 350);
	add_tri(351, 352, 353);
	add_tri(354, 355, 356);
	add_tri(357, 358, 359);
	add_tri(360, 361, 362);
	add_tri(363, 364, 365);
	add_tri(366, 367, 368);
	add_tri(369, 370, 371);
	add_tri(372, 373, 374);
	add_tri(375, 376, 377);
	add_tri(378, 379, 380);
	add_tri(381, 382, 383);
	add_tri(384, 385, 386);
	add_tri(387, 388, 389);
	add_tri(390, 391, 392);
	add_tri(393, 394, 395);
	add_tri(396, 397, 398);
	add_tri(399, 400, 401);
	add_tri(402, 403, 404);
	add_tri(405, 406, 407);
	add_tri(408, 409, 410);
	add_tri(411, 412, 413);
	add_tri(414, 415, 416);
	add_tri(417, 418, 419);
	add_tri(420, 421, 422);
	add_tri(423, 424, 425);
	add_tri(426, 427, 428);
	add_tri(429, 430, 431);
	add_tri(432, 433, 434);
	add_tri(435, 436, 437);
	add_tri(438, 439, 440);
	add_tri(441, 442, 443);
	add_tri(444, 445, 446);
	add_tri(447, 448, 449);
	add_tri(450, 451, 452);
	add_tri(453, 454, 455);
	add_tri(456, 457, 458);
	add_tri(459, 460, 461);
	add_tri(462, 463, 464);
	add_tri(465, 466, 467);
	add_tri(468, 469, 470);
	add_tri(471, 472, 473);
	add_tri(474, 475, 476);
	add_tri(477, 478, 479);
	add_tri(480, 481, 482);
	add_tri(483, 484, 485);
	add_tri(486, 487, 488);
	add_tri(489, 490, 491);
	add_tri(492, 493, 494);
	add_tri(495, 496, 497);
	add_tri(498, 499, 500);
	add_tri(501, 502, 503);
	add_tri(504, 505, 506);
	add_tri(507, 508, 509);
	add_tri(510, 511, 512);
	add_tri(513, 514, 515);
	add_tri(516, 517, 518);
	add_tri(519, 520, 521);
	add_tri(522, 523, 524);
	add_tri(525, 526, 527);
	add_tri(528, 529, 530);
	add_tri(531, 532, 533);
	add_tri(534, 535, 536);
	add_tri(537, 538, 539);
	add_tri(540, 541, 542);
	add_tri(543, 544, 545);
	add_tri(546, 547, 548);
	add_tri(549, 550, 551);
	add_tri(552, 553, 554);
	add_tri(555, 556, 557);
	add_tri(558, 559, 560);
	add_tri(561, 562, 563);
	add_tri(564, 565, 566);
	add_tri(567, 568, 569);
	add_tri(570, 571, 572);
	add_tri(573, 574, 575);
	add_tri(576, 577, 578);
	add_tri(579, 580, 581);
	add_tri(582, 583, 584);
	add_tri(585, 586, 587);
	add_tri(588, 589, 590);
	add_tri(591, 592, 593);
	add_tri(594, 595, 596);
	add_tri(597, 598, 599);
	add_tri(600, 601, 602);
	add_tri(603, 604, 605);
	add_tri(606, 607, 608);
	add_tri(609, 610, 611);
	add_tri(612, 613, 614);
	add_tri(615, 616, 617);
	add_tri(618, 619, 620);
	add_tri(621, 622, 623);
	add_tri(624, 625, 626);
	add_tri(627, 628, 629);
	add_tri(630, 631, 632);
	add_tri(633, 634, 635);
	add_tri(636, 637, 638);
	add_tri(639, 640, 641);
	add_tri(642, 643, 644);
	add_tri(645, 646, 647);
	add_tri(648, 649, 650);
	add_tri(651, 652, 653);
	add_tri(654, 655, 656);
	add_tri(657, 658, 659);
	add_tri(660, 661, 662);
	add_tri(663, 664, 665);
	add_tri(666, 667, 668);
	add_tri(669, 670, 671);
	add_tri(672, 673, 674);
	add_tri(675, 676, 677);
	add_tri(678, 679, 680);
	add_tri(681, 682, 683);
	add_tri(684, 685, 686);
	add_tri(687, 688, 689);
	add_tri(690, 691, 692);
	add_tri(693, 694, 695);
	add_tri(696, 697, 698);
	add_tri(699, 700, 701);
	add_tri(702, 703, 704);
	add_tri(705, 706, 707);
	add_tri(708, 709, 710);
	add_tri(711, 712, 713);
	add_tri(714, 715, 716);
	add_tri(717, 718, 719);
	add_tri(720, 721, 722);
	add_tri(723, 724, 725);
	add_tri(726, 727, 728);
	add_tri(729, 730, 731);
	add_tri(732, 733, 734);
	add_tri(735, 736, 737);
	add_tri(738, 739, 740);
	add_tri(741, 742, 743);
	add_tri(744, 745, 746);
	add_tri(747, 748, 749);
	add_tri(750, 751, 752);
	add_tri(753, 754, 755);
	add_tri(756, 757, 758);
	add_tri(759, 760, 761);
	add_tri(762, 763, 764);
	add_tri(765, 766, 767);
	add_tri(768, 769, 770);
	add_tri(771, 772, 773);
	add_tri(774, 775, 776);
	add_tri(777, 778, 779);
	add_tri(780, 781, 782);
	add_tri(783, 784, 785);
	add_tri(786, 787, 788);
	add_tri(789, 790, 791);
	add_tri(792, 793, 794);
	add_tri(795, 796, 797);
	add_tri(798, 799, 800);
	add_tri(801, 802, 803);
	add_tri(804, 805, 806);
	add_tri(807, 808, 809);
	add_tri(810, 811, 812);
	add_tri(813, 814, 815);
	add_tri(816, 817, 818);
	add_tri(819, 820, 821);
	add_tri(822, 823, 824);
	add_tri(825, 826, 827);
	add_tri(828, 829, 830);
	add_tri(831, 832, 833);
	add_tri(834, 835, 836);
	add_tri(837, 838, 839);
	add_tri(840, 841, 842);
	add_tri(843, 844, 845);
	add_tri(846, 847, 848);
	add_tri(849, 850, 851);
	add_tri(852, 853, 854);
	add_tri(855, 856, 857);
	add_tri(858, 859, 860);
	add_tri(861, 862, 863);
	add_tri(864, 865, 866);
	add_tri(867, 868, 869);
	add_tri(870, 871, 872);
	add_tri(873, 874, 875);

